709 2
3572 758 3981 109 1454 377 229 4444 10486 2
377 342 26 9069 5 2952 5 1 16 10510 245 3 1082 342 2
414 3141 3 2601 314 5 4893 731 16 2495 52 6 8570 8 3068 502 26 875 2
15 88 12 1092 1236 444 181 12625 263 2
977 775 10510 245 670 159 10532 2551 6970 7084 1126 2601 33 4

18 2445 20324 453 124 26 1060 33 6016 257 888 4
4015 2
1634 4984 604 676 2445 20324 453 124 4
350 525 1204 2
1634 4984 633 2
7 759 2120 6269 2431 5287 1035 1192 236 67 8203 1496 149 24419 2445 20324 5318 34 93 15469 471 11595 622 9723 4
3063 2
18 188 3006 55 5 116 5 395 372 1891 28 93 3511 1788 274 5904 25 20324 7203 5318 3 47 4

61 1470 454 3 9 2
18 26 2150 132 64 3458 5742 2
18 549 2150 47 381 362 2624 79 268 670 389 36 770 1434 179 4215 35 2
639 770 11 94 529 534 4
1297 194 2
479 34 203 2161 25 560 2150 47 3 2687 106 959 2
15 26 770 867 47 3 132 11 770 94 1297 1147 1439 5011 4

117 1684 6647 580 452 38 2
6 8792 13 3680 8 7320 588 641 7732 4
4290 3678 397 452 3 6916 259 430 2415 1714 695 30 8851 6 6916 769 3693 695 8 2
49 8792 25 219 70 1335 6444 28 6 1 8 695 4

1243 4181 96 1208 4181 2
1666 5 3077 3937 5 5135 11 5773 16 84 1952 21 822 418 2664 593 1856 2
127 2
1666 94 1035 11 5135 1035 16 84 3 198 94 4353 2947 169 348 303 2664 908 1856 2
2567 169 329 908 1856 4

33 62 39 461 9 14 271 3 2
13 73 5884 8190 10621 28 4246 2
5752 1 10 2
3704 13 42 2
6300 19 100 281 4
195 66 4825 100 31 2
5360 4392 365 5884 10621 46 28 22153 5752 6483 128
4828 19 13 9 470 4082 4

1 39 7 1243 3014 44 14 12 1894 575 4151 1279 88 2
606 49 1243 3014 183 2
403 1692 69 1279 90 3 716 5420 3 897 44 14 57 15060 314 2
2797 7 1208 4323 2
12602 8898 3 5420 37 44 5647 2
187 210 617 1722 8400 154 210 5420 51 44 536 2165 2
361 4151 51 44 306 845 1279 337 2
606 49 1208 183 1395 94 5420 183 5647 4

581 21 396 537 244 1377 174 229 125 128
4162 842 158 11 377 14723 2
59 389 1995 490 4134 181 3 1593 139 278 20 9114 2
7784 7 842 2532 985 284 5 7079 1478 284 2
224 842 18825 2822 92 120 354 239 9756 2
2221 2638 1116 775 337 354 2118 3 1041 3417 2
1546 8102 5 1481 670 3 337 354 2118 3 74 254 1519 4

36 7940 35 292 2223 58 7 759 5 1266 5 3518 16 84 484 60 2
842 158 1378 726 2
26 172 537 214 3 354 2118 244 1377 174 1165 2
341 396 537 174 3 162 5998 85 31 5 424 85 2136 5 40 85 480 2
26 354 699 85 435 5 85 1350 5 85 915 2
992 5331 2849 5 3364 1162 5 1101 1432 5 174 254 11 1029 1162 3352 19 85 42 4

1033 25 842 2
985 889 1033 41 22293 4
1995 490 4134 36 243 35 250 39 120 176 358 985 2
120 985 7 3927 88 889 2
9 131 985 2646 661 200 8473 3 1075 166 9570 4
198 210 7 172 537 244 1377 174 17 9724 280 985 2510 5 69 98 2303 221 354 358 3 1041 1670 2638 4

5 292 792 17028 32 2
4169 125 10 2510 2
354 29 169 15 280 2227 889 52 358 2
6 12034 2
825 287 273 998 4235 3 1034 22571 424 199 9 2599 96 3282 54 2
391 30 4063 10 3274 54 2
1928 169 6458 2442 5245 12 2461 34 181 4563 8 4

2901 375 164 1 111 2
5218 354 1863 3 2869 5 6553 40 2
495 354 9323 3 640 40 2
37 242 3491 284 4
1088 9 242 5668 1662 488 16128 31 714 3 880 1393 2
538 305 92 5 521 3540 5 68 1566 5 453 589 5 2874 7719 1285 16 33 3 2917 1069 5 688 5 314 11 391 1017 349 284 2
296 422 349 343 985 889 3 7422 4

703 323 607 842 2036 6 311 1875 8 40 3 9456 4
10870 58 7 1575 17 133 2
172 537 244 1377 174 17 2
454 631 2104 631 1326 5 454 22572 9 12 258 730 1041 2
775 29 2036 6 311 1875 8 40 1378 323 10 12 537 9456 2
4162 842 158 5 377 522 1470 296 1746 2397 33 2
7 396 537 244 1377 174 3 12233 836 29 379 172 537 22572 3 995 2
156 844 200 1 1377 174 3 995 4

4632 214 3 354 2118 244 1377 174 12792 12148 1587 1 32 2
13143 7 244 1377 174 17 952 10 1673 6458 493 924 2
541 10 1673 1567 7350 2
616 10 1673 147 278 2
37 9 5005 2
45 192 842 354 1901 2
1996 101 100 1249 4
41 298 120 354 2927 244 174 615 8263 2
880 9 7 174 17 282 354 80 1863 5 80 687 282 3 40 2
21 13801 3 2118 5 1029 244 389 25 282 1 354 73 13732 25 3 6 281 8 903 17 4

8410 3805 750 831 1 522 2
296 607 1016 102 11 6541 358 4
2132 1546 842 1016 641 384 393 2
853 574 15 6541 3 358 2
15 6 110 3365 8 1478 5 185 1478 16 2
625 622 455 7769 2
607 22573 240 11 3812 200 4
625 1920 2259 818 2
1713 828 626 865 179 4

31 50 211 4945 40 3 377 43 2
337 354 2118 9 66 214 49 2148 1417 134 29 858 3 12 287 1 17676 2
974 2
737 123 3 15515 2
2020 1491 3 946 167 98 206 5 33 440 3 731 2
214 3 354 2118 7 820 992 158 17 8899 10 4
41 229 125 396 537 244 1377 174 2
29 41 703 2638 1116 337 354 2118 3 1041 3417 4

31 138 4162 842 158 522 2
18054 1481 670 3 354 2118 74 1519 2
12 9 2
41 2174 2628 1976 2
9434 354 905 4755 2
12553 717 354 282 40 2
192 13 671 147 602 282 3 40 2
41 14 3030 5 14 919 2
585 385 2917 4

335 9 2
1216 1 79 174 1994 3 1013 2
13 242 454 6848 1482 11669 5 114 738 1482 4976 2
997 41 59 354 6179 2410 5022 158 1386 3 337 1485 738 1482 5 282 640 1112 2
93 20023 200 2
21 354 6179 26 158 1440 4817 4

163 2
414 341 396 537 174 3 162 5998 85 31 5 424 85 2136 3 40 2
4162 842 158 1378 522 2
13 73 420 775 255 87 6 9830 8 3 354 2118 244 1377 174 925 2
41 171 87 5 5331 1830 2
8102 84 616 444 2
2321 977 2
1 8263 4

1063 2
36 7940 35 292 2223 58 7 31 28 47 3666 11 144 31 366 1575 133 2
229 244 1377 174 301 2
1050 158 11 354 2161 80 693 3 2
1229 29 9 6 1976 687 661 5 4397 19270 5 456 687 769 8 3 796 14 10 693 991 4

1934 2
1790 539 164 1 2868 761 7 6805 140 214 447 174 2
181 10 6805 22878 1095 5108 356 3 46 1189 13476 34 118 993 1950 2
1567 7350 24 27 3189 69 109 961 553 582 11 532 2189 240 91 4
1266 539 164 21392 3189 1921 6450 5 17965 20 27 685 3 655 2
187 1454 161 3085 199 2627 12 398 2294 5530 2
10913 576 7542 2
3085 199 2627 12 591 33 156 475 4

3355 508 10 6121 200 2
49 1109 28 84 218 255 1669 10 12 50 560 2345 3 992 340 2
3294 6121 539 869 174 3 1971 1393 4
1266 5 1790 16 366 3 12148 51 4900 25 255 5236 1848 201 4008 341 174 3 158 673 11 6458 924 3 2195 91 4

36 7940 35 292 2223 58 709 7 12793 5 11506 5 4306 5 15256 5 1 5 13836 16 9616 484 1575 60 133 2
172 537 214 3 354 2118 244 1377 174 229 301 2
1678 992 158 1029 9675 494 10871 2
136 1851 301 531 3 2019 166 18908 1616 182 5647 4

45 1670 646 3 9 2
2340 162 11 992 158 15 174 1228 13 1710 5 384 3725 13 149 5 6 14958 5 654 1013 8 16 40 1363 233 4
4162 4945 377 11 842 158 522 2
244 1377 174 41 915 288 3541 2783 2
407 5467 6 1 8 2
458 125 2122 2019 3 18991 4

4162 992 161 158 1378 726 2
1283 79 2233 10140 174 2
172 537 244 1377 174 1402 239 85 2524 5 85 2307 4
45 10870 58 7 775 1575 60 133 2
2340 162 11 992 158 15 174 419 979 1228 6155 5 384 3725 13 149 2
6 14958 8 11 6 11808 8 3 796 1153 233 4

3197 2
2113 263 11 2905 8117 1393 233 6 1750 8 11 6 4665 8 3 18223 4
3355 31 138 4162 158 354 726 2
820 4282 2113 263 3 1277 1009 3086 425 328 470 645 2
2085 37 9 3088 5 10575 5 949 757 5 772 5 831 5 842 158 2
2340 238 28 354 19 9 614 5791 7248 6 19358 8 3 22 4

484 17 2
31 138 4162 842 354 15 154 6 11808 8 11 6 1750 42 4665 8 3 1552 1125 10551 4
7 1790 5 1266 16 84 2
31 138 4162 354 32 39 6 3526 29 3526 22878 1918 1 2
19178 14958 2
23601 1269 1013 8 4

7 1266 5 1790 16 84 2
31 138 4162 8839 299 161 158 69 10870 58 726 2
244 1377 174 120 101 1756 6 5052 10 12 1511 9942 8 2
820 2905 8117 924 30 458 846 654 952 727 31 67 56
359 3 161 158 32 2
434 354 1355 263 60 6 2173 194 2173 1 8 2
1102 6005 25 10 9675 24 3 10871 4

361 2
10870 58 1867 3 398 2295 158 2
15 174 3 1228 11 2161 29 693 2165 10 302 56
25 10 6222 2295 2
820 158 111 2118 244 6 1 8 2
354 2118 1390 3 9 161 2
118 1142 28 6 354 8 2
72 483 6 311 1875 8 40 4

124 17 2
4162 1277 7 30 5006 870 394 130 1117 287 114 11 539 6 2791 258 542 8 5 6 418 28 3222 8 387 14 5677 3 91 11 796 60 2
1143 4850 3624 102 62 439 2
187 1781 307 43 14 438 765 3 5677 796 4
1 4162 354 401 1371 2
174 169 13 41 205 9 20775 2
6 1402 12 1402 9757 12 9757 2
22879 5068 205 2033 8 4

6 41 131 422 1456 1645 360 191 288 47 736 651 11 736 360 2419 3 165 145 2
585 214 1390 175 2
3038 1942 3625 2
670 1645 98 2869 2
3413 739 8804 3 293 1456 729 2
4894 6004 15516 5 4703 381 4284 4
8 279 530 1208 2
1873 2311 761 5 130 7775 164 9203 7 144 12006 185 24 250 4

221 36 7940 35 292 2223 58 484 3 2988 292 26 1630 750 1585 77 1003 1 831 502 39 6 317 345 526 177 22 3 803 42 5 424 2136 2
85 41 454 175 3 98 237 4
7 18 86 1123 64 3 206 17 2
98 17324 1033 31 2
966 3 1099 11738 1033 5838 2
15 98 534 107 1033 149 2
107 175 1007 3 98 237 1033 149 4

23 12 230 502 250 2
350 3 2110 292 2107 2144 754 1010 2
650 1296 121 3 1013 24421 2
495 3 175 3186 19 2390 1350 4
5445 762 135 9 1 2
45 737 899 3 64 2
293 175 1187 70 188 2110 292 3 7745 4

18 176 202 292 750 77 1003 1 831 502 2
58 93 292 78 52 11562 16 179 2
669 26 58 3 12149 146 2
650 26 932 98 3 42 206 146 4
6 509 98 4390 64 1986 836 2
98 3097 5 246 664 10952 323 1761 2
3798 796 3 182 19 9 15 1986 1095 3 98 4542 3 10164 4

1946 2
192 2036 2110 292 3 97 1093 41 625 394 4
1 5964 32 2
752 2
15 19916 292 11 136 495 2963 40 3 292 78 2
579 625 56
45 15 187 440 3 292 2
1088 9 1508 5 2841 5 300 157 343 3 292 78 2
579 320 2487 6379 2
401 182 579 11710 5 394 13 1710 3 91 4

7 1 1581 2
58 11 175 1007 112 153 3897 3 165 237 2
650 153 3897 13 9 1833 3 153 2752 2
407 671 2195 5 2591 5 2151 5 268 5 9380 3 107 4
6 1038 1258 2
241 73 20 641 184 2206 3 153 5084 2
717 101 1942 1228 98 4

6 433 2
737 18 98 1986 939 2
62 2372 3612 2
1413 3 523 1424 19 1023 239 937 31 4
443 2
175 11 58 1470 501 1546 581 717 641 2747 384 523 1424 2
3480 523 875 3 7475 506 4
8 1 32 4

163 2
31 138 4162 377 111 2
1456 358 9 175 11 58 165 3 98 237 4
1456 358 930 41 5345 7194 2
5345 1355 2
409 40 3 1118 282 2
45 19 41 585 7476 672 2
2357 292 818 11 1101 818 2
2990 1456 358 3 98 1600 4

6 4412 18 327 139 3 1 2
844 98 1690 10410 7 637 2
175 11 58 41 6832 118 3 98 237 2
2990 381 4284 3 3897 2
671 98 3 3688 1150 4
7 480 1825 17 2
292 175 41 2357 1313 13664 5 80 281 1967 5 6841 5 16008 16 12181 9155 672 4
8 13663 32 4
