153 14 10 37 280 51 9 31
64 766 10 243 172 356 12 32 36 13117 8 307 147 13 530 40 156 32 90 31
10 402 21 14 31 113 39 139 31
10 3589 21 14 31 616 27 15 399 6 311 36 31

16 8 19 52 872 2 98 871 3 2347 20 300 3
147 5 151 85 634 2 680 20 131 937 31
210 14 201 10 1675 6 449 3 577 598 3
425 7 1 904 5 29 354 9 7531 3
104 28 678 2 49 31

35 14 4
885 626 24 50 688 48 26 33 54 5 77 31
2 14 13 19 79 1100 5 117 6 311 1455 27 104 935 5 37 6 696 9 5 366 159 18 2 2207 5 2075 12 138 152 31
11 91 870 125 98 31

2 660 13 570 24 50 9865 5 6 86 760 3
480 114 5 2 48 9 983 19 54 5 2 66 930 3
6 50 5 347 2 130 660 503 3959 115 3
34 13 64 61 788 169 408 22 34 33 50 1 15 61 375 3

10 37 124 7 213 1400 3
5 37 51 18 1485 122 23 21 8 83 360 2 153 3 161 20 35 3
49 8 123 9 2 606 12 138 152 5 11 29 6 16 26 1632 138 152 3
10 396 12 270 15 6 181 1 3

64 392 3 646 1545 3 2255 10463 142 477 3 64 1516 74 424 3
3072 3049 180 584 883 2562 3 64 1 511 2246 3
566 1364 98 2041 69 236 180 30 2351 3 9 6 9116 5714 4
6 80 4782 3 469 196 3 173 1040 214 41

2 451 1353 40 192 158 5 818 1703 84 835 32 754 235 31
400 8 45 86 786 32 36 4
6328 26 17 47 46 6 19157 235 31
10 154 136 21 14 7 428 266 15 35 66 5 6 35 71 31
616 27 451 1353 206 523 31

1589 6 706 166 333 9 2 14 5 51 974 3 16 8 226 4
81 8 54 5 77 5 2 101 8 933 3
2 932 9 2 348 8 6 52 611 5 2 326 61 9 2 171 1368 2 779 3
11 47 154 36 65 76 3 2805 31

125 7 21 14 53 27 193 293 1139 66 3
2 40 630 74 15 157 88 6999 4
1638 42 434 46 158 5 158 76 3
217 6 188 564 7447 26 200 109 162 347 197 3 2 431 33 8644 31
415 15 2 2100 103 266 1792 2 177 31

150 73 21 14 8 139 24 55 1785 3
30 16 8 25 1255 103 4
790 619 2 147 3 222 2078 38 4218 695 78 513 3 19 1365 18 57 31
2 40 8 131 937 4
11 20 123 25 2 854 3
67 173 36 25 2 1255 103 31

51 65 15 2 1 2127 31
110 9 8 1999 5 42 29 32 16 492 194 2501 31
305 1102 26 31 225 171 12 2 3159 10 29 6 843 619 168 1336 32 1162 29 962 38 2125 7 2927 31
10 8 45 2178 31 42 154 318 516 66 31

10 29 10 311 36 18 2 1540 5008 14 3
10 127 9 560 346 22 22712 8 34 7 2650 59 24 6 1015 5 6 2536 73 6 5108 1611 26 8 380 5 1056 31
3 2 16 8 77 5 32 36 9 475 8 35 3 1019 46 98 3

51 38 513 78 2863 78 4731 23 513 78 3324 78 4731 3 2 40 8 70 3
5 48 201 50 233 3
35 49 151 205 7 138 152 5 1419 644 3 5 1683 234 3
174 35 570 1 770 25 4483 5 802 3
27 37 7 110 56 3

45 11 394 11 47 1228 6 120 334 3
3897 667 550 84 778 27 21 13 2 805 14 83 2 230 3
66 4887 2 48 245 515 5 34 9763 24 88 120 3829 31
112 6 14 25 55 283 5 6 813 10032 1312 2434 25 2 94 283 3

11 51 34 15 160 135 5 265 17 6 231 3 49 31
3 49 31 3 49 31
3 17 117 2 153 49 9 727 12 206 523 184 3
2 302 13 79 878 4
2 388 13 2962 310 5 2 48 33 12514 3
2 40 13 19 579 3

127 6 16 24 6 1308 101 15 73 80 1003 2788 3
440 570 15 2 49 31
163 14 48 9 21 85 33 134 100 80 3 8072 4
1308 101 22 28 45 287 5 34 13 6 715 9 2 101 3
35 15 1191 7 1458 114 229 133 3

51 15 167 24 734 3
276 516 66 10 24734 46 4473 1423 2568 38 1129 9 1274 3
839 2 11908 42 274 1997 2 5814 62 519 84 6 19 155 367 3
3936 24 2 3289 23 456 466 3 1002 516 66 1595 3
10 24734 182 36 65 76 31

30 190 18 2 332 5 1456 8 55 10 173 193 7 190 3
38 2 71 11 1300 7 110 23 9 11 29 297 22 746 66 3
2 1129 26 1738 2 846 5470 20 1002 3
2 68 476 26 8 52 7 59 8 21253 1 3 228 8 307 3

3047 25 2 646 31
45 118 31 139 292 15 334 4
309 9 561 186 85 4
482 86 40 4 150 8 1576 4
10 396 415 15 100 3
53 10 232 1376 224 7 324 7 114 229 4
10 91 37 64 2082 9 653 24 15017 464 435 76 3

35 145 5 35 49 3
6 120 170 12 6 2269 411 9 5 56 1728 2 230 3 2 115 13 93 31
53 27 33 67 9 2 1092 85 15 6 90 69 45 21 14 117 150 3 42 391 15 219 3
2 95 87 281 84 9 19 733 3

32 16 13 2829 1017 114 23 2 571 14 117 124 1711 23 598 23 788 2 119 62 13 28 2118 705 23 64 1983 12 868 202 43 2 119 117 124 1711 23 9754 241 868 3
16 8 35 23 49 35 23 52 101 715 238 23 35 44 142 3

11 29 335 48 15 167 5 29 6 35 36 31
2 49 13 191 15 144 5 919 31
11 262 9 2 7874 9397 177 5 36 436 1000 146 15 181 66 5 49 31
38 2 95 87 7 2 804 2047 2844 8 530 31
91 36 76 15 256 31

4487 827 31
17 47 46 1012 7 218 1112 24 21 14 3
2 48 33 300 23 27 312 5141 24 6 250 9 2 101 23 2 40 176 4879 7 374 23 5 2 49 15 191 15 2 1399 747 3
53 27 33 325 7 36 65 236 2 1173 31

10 1832 783 2 879 47 1927 26 813 30 48 20 6 10986 25 10 272 69 188 4051 55 69 2 94 2807 74 12979 1967 5 44 48 20 1750 83 344 7 125 269 6 168 26 29 2216 2369 25 17 259
105 2 40 20937 256 308 7 72 7 17

311 14 3
17 8 30 131 71 7 21 14 3
2 119 8 1011 4548 3
11 20 488 7 6 212 23 891 16 23 62 8 67 35 4161 63 27 37 108 694 24 27 3
2 16 8 175 149 226 3
207 9 184 406 24 35 148 375 3

2 11850 13 872 2 121 4
255 426 3 64 4768 245 18 44 3
2 95 87 40 8 28 19 86 69 1467 73 654 1614 3 2 49 13 303 3
165 314 38 520 234 3 2 130 13 813 3 79 3
22 10 232 28 244 7 36 65 2780 31

3089 5554 14 4
22 52 3 117 41 19 88 39 567 4
147 5 93 61 9 2 171 3 9 6 446 49 3 10 47 125 98 3
40 53 70 5 1046 3
10 92 173 37 397 437 7 237 3
607 13 6 34 6 1347 1617 3178 1851 259
31

217 67 58 495 14 4
48 37 512 297 412 4
66 13 632 4 41 11 319 30 61 273 12 2 16 5 64 55 1032 74 433 42 776 30 61 2 116 90 39 3
1 75 37 21 188 392 1316 1239 709 2 16 26 200 6 231 12 195 31

51 264 57 23 29 6 354 184 5 96 102 7 25 595 102 3
44 532 1186 74 156 15 6 52 1717 3
16 8 54 5 1576 23 35 367 15 2 80 6119 251 3
466 2869 74 1495 25 58 2690 10 319 883 3
52 82 23 154 47 136 31

10 51 18 2 5273 9 1405 15 418 135 3
2 16 8 139 23 88 22 1443 3
44 40 20 255 720 5 156 27 245 19 656 3
2 49 13 35 53 27 193 7 258 2 1163 69 125 261 3
10 47 1515 136 21 14 23 58 139 190 31

30 1116 324 258 7 2 14 5958 1 17 3 35 82 31
12 729 6 189 133 31
35 49 128 7 294 210 5 88 206 474 9497 4
54 77 16 24 19 77 950 4
70 5 11384 40 3 118 100 104 11 237 3
266 965 7 2 116 71 775

21 14 68 2770 73 411 109 334 111 26 42 96 540 423 73 2 516 3
19 746 2088 24 6 19 752 1305 25 308 6 856 487 368 46 1531 149 3
10 37 51 9 21 14 724 22 91 182 551 253 90 18 2 1902 1981 31
2325 12 334 31

51 158 1762 90 235 24 32 299 3
11 29 6 189 71 3
21 14 13 1256 19 79 878 3
2 1226 13 19 1094 3
11 378 9 2 3372 48 5 42 20 240 3 145 20 19 4
19 77 5 48 20 186 3
10 330 2 671 234 23 530 31

21 14 8 1294 23 16 8 454 155 22 515 23 1555 20 515 5 2476 159 23 681 8 1010 3
34 20 336 12 161 9 2 119 2252 73 2 3839 3
10 129 1284 428 178 8 92 342 3
2 49 8 35 22 2 130 8 2769 15 2 536 12 2014

35 49 15 1255 121 4
54 166 77 14 3 40 92 86 31
459 61 50 15 2 130 4
10 29 6 16 25 2 242 3305 103 972 2 1356 4
62 8 6 170 426 3 45 4
53 27 33 6 506 1453 652 810 3
10 47 870 36 65 76 31

1429 5 681 20 515 5 1414 9 1027 3
10 270 7 690 48 5 2 393 16 305 157 181 3 2 95 13084 1916 3
60 11 54 30 48 529 493 37 124 9 34 295 3 60 10614 3
10 272 11 37 6 1095 271 225 53 529 437 117 6 808 3

1369 31
10 51 18 21 14 4
43 11 338 7 206 1043 7 216 2 1062 3 854 4
238 3 118 6 367 31
134 989 107 397 10 96 72 184 5 2 600 8 68 73 743 221 3
21 14 13 1 5 845 89 6 629 525 14 3 243 17 31

7118 464 13 19 134 89 2 533 26 27 330 7 1743 24 109 460 9 1878 3 20474 22 297 1146 3
2 240 372 12 21 14 13 2 49 3
27 33 25 123 25 880 2214 5 164 12 2 320 26 27 193 7 216 5 137 33 92 4
92 128 23 83

11 330 14698 792 7 36 65 5 28 256 10 47 341 7 125 98 23 8 44 371 67 28 307 3
30 16 29 64 2202 4694 62 156 27 245 89 27 20 888 9 6 12277 31
156 17 92 451 7 1516 74 3
66 38 40 8 371 22 28 26 70 3

2 40 8 189 5 698 31
10 29 6 19 3555 420 2675 26 349 5 2 40 8 19 444 7 236 540 12 32 472 5 510 6 70 1015 3
2 16 8 19 52 5 10 704 2209 31
10 730 237 224 73 2 40 5 2 14 3 10 91 46 98 31

10 265 32 36 34 3
10 8 131 928 9379 83 2 3215 12 2 95 87 403 4
2018 3 228 8 19 2560 5 156 84 245 123 18 343 3
2 48 33 55 12 2 153 10 37 751 9 1092 3
2 48 33 79 1089 5 54 3 580 17 74 1391 31

11 51 165 135 9 6 212 25 2 1217 655 12 2 14 3
19 226 41 676 85 4
468 4 106 480 39 15 114 229 5 18 6 483 130 3
66 13 139 5 2 571 40 13 70 4
2157 5 683 3 154 11 91 125 98 76 9 2 268 892 31

11 631 2 998 2760 143 12 2 1226 5 217 49 3
11 129 318 308 52 17 47 46 3
11 781 74 92 812 2 14 41 671 234 4
126 5 140 39 5 1747 118 6 1114 1433 17 8 3
53 27 193 7 102 422 4
21 13 2 82 15 27 3

27 730 125 820 24 6 1106 14 4
49 13 35 4 1815 5 431 33 44 50 3 402 2 384 361 31
61 8 408 9 30 1063 634 24 115 556 21 6 19 519 3895 36 3
53 34 13 6 1106 9 30 2225 27 104 3265 11 91 36 18 494 122 31

11 37 67 534 38 2 7765 38 6 160 57 36 3
43 889 161 37 286 4
2 14 13 311 5 9 6 35 49 3
11 29 6 16 25 2 1796 103 972 2 771 594 279 31
11 96 28 1112 2 14 5 47 499 76 53 11 324 7 114 229 31

805 190 280 31
3829 689 31 55 45 210 228 96 37 728 84 744 32 2484 1965 4
5 2 16 5 4758 20 326 12 187 43 79 31
44 142 515 31 182 76 31
9 657 7 223 2 4758 4
27 29 7 102 3878 7 72 9 34 31
805 14 280 31

21 14 13 55 12 32 4158 3
2 66 13 300 38 2 95 87 7 2 1287 23 150 13 293 23 1139 3
32 16 1632 915 644 5 2 222 1265 5570 3
311 818 8394 18 57 3 63 10 319 4
10 8 775 1 7 125 98 3 666 55 90 830 31

2 977 13 3
34 33 64 1573 3666 3
21 13 2 131 14 26 914 1098 66 5 535 28 3142 1573 3
2 3299 5 2 613 40 1164 35 3777 9 769 44 12 109 472 241 109 36 3
11 92 265 30 36 4
5 91 46 653 253 162 78 16 830 3

21 8 30 131 162 7 206 474 3
2 998 8 136 83 6 654 3
17 8 627 38 2 910 2 168 934 1535 59 3
2 38 87 40 8 45 86 3870 1614 5 148 15 59 3
2 14 117 141 3397 1494 31
151 205 7 1117 3 11 91 46 98 31

6 1654 471 15 256 3
451 7 72 146 38 2 520 245 3
22 3732 6 92 52 190 3 530 119 5 140 3 16 8 19 52 3 81 865 77 3
10 272 112 208 151 205 7 2 597 3
5 440 128 7 2 520 234 3
47 154 36 65 76 3

845 2109 84 89 6 1058 789 14 3
41 1499 7 2 879 116 168 39 3
19 683 5 70 95 87 40 202 3
35 5 527 656 18 2100 103 1178 536 3
1 699 7 46 2 116 267 23 779 15 122 6384 3
587 201 32 116 36 13 5207 46 18 3

32 748 5 10 441 51 18 109 302 5 306 89 11 20 220 1535 83 248 31
3 11 243 2 49 5 2 1984 12 2 14 3
22 163 12 44 11 243 2 732 823 5 109 70 5 86 40 3
1361 46 98 15 256 3
178 286 114 4562 874 70 31

21 14 13 9 6 35 49 15 52 148 22 28 43 128 7 2 645 43 11 20 2384 3
309 63 112 45 521 273 3
2 48 20 54 5 43 6 1004 34 13 6 639 9 2 119 85 31
10 47 36 65 76 53 10 874 244 140 4319 9 7461 3

30 131 162 7 206 474 8 156 105 100 1628 83 30 189 36 18 21 1993 257 3
2 49 8 35 23 215 151 205 7 163 1037 5 128 7 44 896 10214 3 2 66 8 139 3
70 40 5 86 1573 3
11 91 154 36 65 76 25 30 116 258 3

10 127 6 92 50 367 25 3838 15 21 14 3
27 312 678 2 49 4
5 2 16 8 52 3
112 67 180 138 152 5 802 710 13 67 106 247 146 3
16 8 52 1307 5 186 3
2 40 8 19 86 3
10 47 28 1358 7 36 65 76 3

28 58 530 85 363 2524 23 123 246 38 880 23524 3
108 247 38 58 9 1897 56 2143 31
55 314 952 12 880 3538 5 2 2156 1163 3 52 48 3 756 570 3
10 558 17 5 91 125 98 3
67 580 1260 53 157 1842 6273 390 7 1599 7 27 3

11 37 51 65 164 138 158 2 427 5 37 3046 2506 2 1316 12 2 14 125 159 3
2 2088 333 5 171 61 33 3289 456 996 7 427 628 3
10 47 68 1302 183 65 53 17 4533 109 167 472 3
11 20 75 755 15 115 9 58 380 115 231 3

153 14 10 37 280 51 9 31
64 766 10 243 172 356 12 32 36 13117 8 307 147 13 530 40 156 32 90 31
10 402 21 14 31 113 39 139 31
10 3589 21 14 31 616 27 15 399 6 311 36 31

16 8 19 52 872 2 98 871 3 2347 20 300 3
147 5 151 85 634 2 680 20 131 937 31
210 14 201 10 1675 6 449 3 577 598 3
425 7 1 904 5 29 354 9 7531 3
104 28 678 2 49 31

35 14 4
885 626 24 50 688 48 26 33 54 5 77 31
2 14 13 19 79 1100 5 117 6 311 1455 27 104 935 5 37 6 696 9 5 366 159 18 2 2207 5 2075 12 138 152 31
11 91 870 125 98 31

2 660 13 570 24 50 9865 5 6 86 760 3
480 114 5 2 48 9 983 19 54 5 2 66 930 3
6 50 5 347 2 130 660 503 3959 115 3
34 13 64 61 788 169 408 22 34 33 50 1 15 61 375 3

10 37 124 7 213 1400 3
5 37 51 18 1485 122 23 21 8 83 360 2 153 3 161 20 35 3
49 8 123 9 2 606 12 138 152 5 11 29 6 16 26 1632 138 152 3
10 396 12 270 15 6 181 1 3

64 392 3 646 1545 3 2255 10463 142 477 3 64 1516 74 424 3
3072 3049 180 584 883 2562 3 64 1 511 2246 3
566 1364 98 2041 69 236 180 30 2351 3 9 6 9116 5714 4
6 80 4782 3 469 196 3 173 1040 214 41

2 451 1353 40 192 158 5 818 1703 84 835 32 754 235 31
400 8 45 86 786 32 36 4
6328 26 17 47 46 6 19157 235 31
10 154 136 21 14 7 428 266 15 35 66 5 6 35 71 31
616 27 451 1353 206 523 31

1589 6 706 166 333 9 2 14 5 51 974 3 16 8 226 4
81 8 54 5 77 5 2 101 8 933 3
2 932 9 2 348 8 6 52 611 5 2 326 61 9 2 171 1368 2 779 3
11 47 154 36 65 76 3 2805 31

125 7 21 14 53 27 193 293 1139 66 3
2 40 630 74 15 157 88 6999 4
1638 42 434 46 158 5 158 76 3
217 6 188 564 7447 26 200 109 162 347 197 3 2 431 33 8644 31
415 15 2 2100 103 266 1792 2 177 31

150 73 21 14 8 139 24 55 1785 3
30 16 8 25 1255 103 4
790 619 2 147 3 222 2078 38 4218 695 78 513 3 19 1365 18 57 31
2 40 8 131 937 4
11 20 123 25 2 854 3
67 173 36 25 2 1255 103 31

51 65 15 2 1 2127 31
110 9 8 1999 5 42 29 32 16 492 194 2501 31
305 1102 26 31 225 171 12 2 3159 10 29 6 843 619 168 1336 32 1162 29 962 38 2125 7 2927 31
10 8 45 2178 31 42 154 318 516 66 31

10 29 10 311 36 18 2 1540 5008 14 3
10 127 9 560 346 22 22712 8 34 7 2650 59 24 6 1015 5 6 2536 73 6 5108 1611 26 8 380 5 1056 31
3 2 16 8 77 5 32 36 9 475 8 35 3 1019 46 98 3

51 38 513 78 2863 78 4731 23 513 78 3324 78 4731 3 2 40 8 70 3
5 48 201 50 233 3
35 49 151 205 7 138 152 5 1419 644 3 5 1683 234 3
174 35 570 1 770 25 4483 5 802 3
27 37 7 110 56 3

45 11 394 11 47 1228 6 120 334 3
3897 667 550 84 778 27 21 13 2 805 14 83 2 230 3
66 4887 2 48 245 515 5 34 9763 24 88 120 3829 31
112 6 14 25 55 283 5 6 813 10032 1312 2434 25 2 94 283 3

11 51 34 15 160 135 5 265 17 6 231 3 49 31
3 49 31 3 49 31
3 17 117 2 153 49 9 727 12 206 523 184 3
2 302 13 79 878 4
2 388 13 2962 310 5 2 48 33 12514 3
2 40 13 19 579 3

127 6 16 24 6 1308 101 15 73 80 1003 2788 3
440 570 15 2 49 31
163 14 48 9 21 85 33 134 100 80 3 8072 4
1308 101 22 28 45 287 5 34 13 6 715 9 2 101 3
35 15 1191 7 1458 114 229 133 3

51 15 167 24 734 3
276 516 66 10 24734 46 4473 1423 2568 38 1129 9 1274 3
839 2 11908 42 274 1997 2 5814 62 519 84 6 19 155 367 3
3936 24 2 3289 23 456 466 3 1002 516 66 1595 3
10 24734 182 36 65 76 31

30 190 18 2 332 5 1456 8 55 10 173 193 7 190 3
38 2 71 11 1300 7 110 23 9 11 29 297 22 746 66 3
2 1129 26 1738 2 846 5470 20 1002 3
2 68 476 26 8 52 7 59 8 21253 1 3 228 8 307 3

3047 25 2 646 31
45 118 31 139 292 15 334 4
309 9 561 186 85 4
482 86 40 4 150 8 1576 4
10 396 415 15 100 3
53 10 232 1376 224 7 324 7 114 229 4
10 91 37 64 2082 9 653 24 15017 464 435 76 3

35 145 5 35 49 3
6 120 170 12 6 2269 411 9 5 56 1728 2 230 3 2 115 13 93 31
53 27 33 67 9 2 1092 85 15 6 90 69 45 21 14 117 150 3 42 391 15 219 3
2 95 87 281 84 9 19 733 3

32 16 13 2829 1017 114 23 2 571 14 117 124 1711 23 598 23 788 2 119 62 13 28 2118 705 23 64 1983 12 868 202 43 2 119 117 124 1711 23 9754 241 868 3
16 8 35 23 49 35 23 52 101 715 238 23 35 44 142 3

11 29 335 48 15 167 5 29 6 35 36 31
2 49 13 191 15 144 5 919 31
11 262 9 2 7874 9397 177 5 36 436 1000 146 15 181 66 5 49 31
38 2 95 87 7 2 804 2047 2844 8 530 31
91 36 76 15 256 31

4487 827 31
17 47 46 1012 7 218 1112 24 21 14 3
2 48 33 300 23 27 312 5141 24 6 250 9 2 101 23 2 40 176 4879 7 374 23 5 2 49 15 191 15 2 1399 747 3
53 27 33 325 7 36 65 236 2 1173 31

10 1832 783 2 879 47 1927 26 813 30 48 20 6 10986 25 10 272 69 188 4051 55 69 2 94 2807 74 12979 1967 5 44 48 20 1750 83 344 7 125 269 6 168 26 29 2216 2369 25 17 259
105 2 40 20937 256 308 7 72 7 17

311 14 3
17 8 30 131 71 7 21 14 3
2 119 8 1011 4548 3
11 20 488 7 6 212 23 891 16 23 62 8 67 35 4161 63 27 37 108 694 24 27 3
2 16 8 175 149 226 3
207 9 184 406 24 35 148 375 3

2 11850 13 872 2 121 4
255 426 3 64 4768 245 18 44 3
2 95 87 40 8 28 19 86 69 1467 73 654 1614 3 2 49 13 303 3
165 314 38 520 234 3 2 130 13 813 3 79 3
22 10 232 28 244 7 36 65 2780 31

3089 5554 14 4
22 52 3 117 41 19 88 39 567 4
147 5 93 61 9 2 171 3 9 6 446 49 3 10 47 125 98 3
40 53 70 5 1046 3
10 92 173 37 397 437 7 237 3
607 13 6 34 6 1347 1617 3178 1851 259
31

217 67 58 495 14 4
48 37 512 297 412 4
66 13 632 4 41 11 319 30 61 273 12 2 16 5 64 55 1032 74 433 42 776 30 61 2 116 90 39 3
1 75 37 21 188 392 1316 1239 709 2 16 26 200 6 231 12 195 31

51 264 57 23 29 6 354 184 5 96 102 7 25 595 102 3
44 532 1186 74 156 15 6 52 1717 3
16 8 54 5 1576 23 35 367 15 2 80 6119 251 3
466 2869 74 1495 25 58 2690 10 319 883 3
52 82 23 154 47 136 31

10 51 18 2 5273 9 1405 15 418 135 3
2 16 8 139 23 88 22 1443 3
44 40 20 255 720 5 156 27 245 19 656 3
2 49 13 35 53 27 193 7 258 2 1163 69 125 261 3
10 47 1515 136 21 14 23 58 139 190 31

30 1116 324 258 7 2 14 5958 1 17 3 35 82 31
12 729 6 189 133 31
35 49 128 7 294 210 5 88 206 474 9497 4
54 77 16 24 19 77 950 4
70 5 11384 40 3 118 100 104 11 237 3
266 965 7 2 116 71 775

21 14 68 2770 73 411 109 334 111 26 42 96 540 423 73 2 516 3
19 746 2088 24 6 19 752 1305 25 308 6 856 487 368 46 1531 149 3
10 37 51 9 21 14 724 22 91 182 551 253 90 18 2 1902 1981 31
2325 12 334 31

51 158 1762 90 235 24 32 299 3
11 29 6 189 71 3
21 14 13 1256 19 79 878 3
2 1226 13 19 1094 3
11 378 9 2 3372 48 5 42 20 240 3 145 20 19 4
19 77 5 48 20 186 3
10 330 2 671 234 23 530 31

21 14 8 1294 23 16 8 454 155 22 515 23 1555 20 515 5 2476 159 23 681 8 1010 3
34 20 336 12 161 9 2 119 2252 73 2 3839 3
10 129 1284 428 178 8 92 342 3
2 49 8 35 22 2 130 8 2769 15 2 536 12 2014

35 49 15 1255 121 4
54 166 77 14 3 40 92 86 31
459 61 50 15 2 130 4
10 29 6 16 25 2 242 3305 103 972 2 1356 4
62 8 6 170 426 3 45 4
53 27 33 6 506 1453 652 810 3
10 47 870 36 65 76 31

1429 5 681 20 515 5 1414 9 1027 3
10 270 7 690 48 5 2 393 16 305 157 181 3 2 95 13084 1916 3
60 11 54 30 48 529 493 37 124 9 34 295 3 60 10614 3
10 272 11 37 6 1095 271 225 53 529 437 117 6 808 3

1369 31
10 51 18 21 14 4
43 11 338 7 206 1043 7 216 2 1062 3 854 4
238 3 118 6 367 31
134 989 107 397 10 96 72 184 5 2 600 8 68 73 743 221 3
21 14 13 1 5 845 89 6 629 525 14 3 243 17 31

7118 464 13 19 134 89 2 533 26 27 330 7 1743 24 109 460 9 1878 3 20474 22 297 1146 3
2 240 372 12 21 14 13 2 49 3
27 33 25 123 25 880 2214 5 164 12 2 320 26 27 193 7 216 5 137 33 92 4
92 128 23 83

11 330 14698 792 7 36 65 5 28 256 10 47 341 7 125 98 23 8 44 371 67 28 307 3
30 16 29 64 2202 4694 62 156 27 245 89 27 20 888 9 6 12277 31
156 17 92 451 7 1516 74 3
66 38 40 8 371 22 28 26 70 3

2 40 8 189 5 698 31
10 29 6 19 3555 420 2675 26 349 5 2 40 8 19 444 7 236 540 12 32 472 5 510 6 70 1015 3
2 16 8 19 52 5 10 704 2209 31
10 730 237 224 73 2 40 5 2 14 3 10 91 46 98 31

10 265 32 36 34 3
10 8 131 928 9379 83 2 3215 12 2 95 87 403 4
2018 3 228 8 19 2560 5 156 84 245 123 18 343 3
2 48 33 55 12 2 153 10 37 751 9 1092 3
2 48 33 79 1089 5 54 3 580 17 74 1391 31

11 51 165 135 9 6 212 25 2 1217 655 12 2 14 3
19 226 41 676 85 4
468 4 106 480 39 15 114 229 5 18 6 483 130 3
66 13 139 5 2 571 40 13 70 4
2157 5 683 3 154 11 91 125 98 76 9 2 268 892 31

11 631 2 998 2760 143 12 2 1226 5 217 49 3
11 129 318 308 52 17 47 46 3
11 781 74 92 812 2 14 41 671 234 4
126 5 140 39 5 1747 118 6 1114 1433 17 8 3
53 27 193 7 102 422 4
21 13 2 82 15 27 3

27 730 125 820 24 6 1106 14 4
49 13 35 4 1815 5 431 33 44 50 3 402 2 384 361 31
61 8 408 9 30 1063 634 24 115 556 21 6 19 519 3895 36 3
53 34 13 6 1106 9 30 2225 27 104 3265 11 91 36 18 494 122 31

11 37 67 534 38 2 7765 38 6 160 57 36 3
43 889 161 37 286 4
2 14 13 311 5 9 6 35 49 3
11 29 6 16 25 2 1796 103 972 2 771 594 279 31
11 96 28 1112 2 14 5 47 499 76 53 11 324 7 114 229 31

805 190 280 31
3829 689 31 55 45 210 228 96 37 728 84 744 32 2484 1965 4
5 2 16 5 4758 20 326 12 187 43 79 31
44 142 515 31 182 76 31
9 657 7 223 2 4758 4
27 29 7 102 3878 7 72 9 34 31
805 14 280 31

21 14 13 55 12 32 4158 3
2 66 13 300 38 2 95 87 7 2 1287 23 150 13 293 23 1139 3
32 16 1632 915 644 5 2 222 1265 5570 3
311 818 8394 18 57 3 63 10 319 4
10 8 775 1 7 125 98 3 666 55 90 830 31

2 977 13 3
34 33 64 1573 3666 3
21 13 2 131 14 26 914 1098 66 5 535 28 3142 1573 3
2 3299 5 2 613 40 1164 35 3777 9 769 44 12 109 472 241 109 36 3
11 92 265 30 36 4
5 91 46 653 253 162 78 16 830 3

21 8 30 131 162 7 206 474 3
2 998 8 136 83 6 654 3
17 8 627 38 2 910 2 168 934 1535 59 3
2 38 87 40 8 45 86 3870 1614 5 148 15 59 3
2 14 117 141 3397 1494 31
151 205 7 1117 3 11 91 46 98 31

6 1654 471 15 256 3
451 7 72 146 38 2 520 245 3
22 3732 6 92 52 190 3 530 119 5 140 3 16 8 19 52 3 81 865 77 3
10 272 112 208 151 205 7 2 597 3
5 440 128 7 2 520 234 3
47 154 36 65 76 3

845 2109 84 89 6 1058 789 14 3
41 1499 7 2 879 116 168 39 3
19 683 5 70 95 87 40 202 3
35 5 527 656 18 2100 103 1178 536 3
1 699 7 46 2 116 267 23 779 15 122 6384 3
587 201 32 116 36 13 5207 46 18 3

32 748 5 10 441 51 18 109 302 5 306 89 11 20 220 1535 83 248 31
3 11 243 2 49 5 2 1984 12 2 14 3
22 163 12 44 11 243 2 732 823 5 109 70 5 86 40 3
1361 46 98 15 256 3
178 286 114 4562 874 70 31

21 14 13 9 6 35 49 15 52 148 22 28 43 128 7 2 645 43 11 20 2384 3
309 63 112 45 521 273 3
2 48 20 54 5 43 6 1004 34 13 6 639 9 2 119 85 31
10 47 36 65 76 53 10 874 244 140 4319 9 7461 3

30 131 162 7 206 474 8 156 105 100 1628 83 30 189 36 18 21 1993 257 3
2 49 8 35 23 215 151 205 7 163 1037 5 128 7 44 896 10214 3 2 66 8 139 3
70 40 5 86 1573 3
11 91 154 36 65 76 25 30 116 258 3

10 127 6 92 50 367 25 3838 15 21 14 3
27 312 678 2 49 4
5 2 16 8 52 3
112 67 180 138 152 5 802 710 13 67 106 247 146 3
16 8 52 1307 5 186 3
2 40 8 19 86 3
10 47 28 1358 7 36 65 76 3

28 58 530 85 363 2524 23 123 246 38 880 23524 3
108 247 38 58 9 1897 56 2143 31
55 314 952 12 880 3538 5 2 2156 1163 3 52 48 3 756 570 3
10 558 17 5 91 125 98 3
67 580 1260 53 157 1842 6273 390 7 1599 7 27 3

11 37 51 65 164 138 158 2 427 5 37 3046 2506 2 1316 12 2 14 125 159 3
2 2088 333 5 171 61 33 3289 456 996 7 427 628 3
10 47 68 1302 183 65 53 17 4533 109 167 472 3
11 20 75 755 15 115 9 58 380 115 231 3

16 8 19 52 872 2 98 871 3 2347 20 300 3
147 5 151 85 634 2 680 20 131 937 31
210 14 201 10 1675 6 449 3 577 598 3
425 7 1 904 5 29 354 9 7531 3
104 28 678 2 49 31

35 14 4
885 626 24 50 688 48 26 33 54 5 77 31
2 14 13 19 79 1100 5 117 6 311 1455 27 104 935 5 37 6 696 9 5 366 159 18 2 2207 5 2075 12 138 152 31
11 91 870 125 98 31

2 660 13 570 24 50 9865 5 6 86 760 3
480 114 5 2 48 9 983 19 54 5 2 66 930 3
6 50 5 347 2 130 660 503 3959 115 3
34 13 64 61 788 169 408 22 34 33 50 1 15 61 375 3

10 37 124 7 213 1400 3
5 37 51 18 1485 122 23 21 8 83 360 2 153 3 161 20 35 3
49 8 123 9 2 606 12 138 152 5 11 29 6 16 26 1632 138 152 3
10 396 12 270 15 6 181 1 3

64 392 3 646 1545 3 2255 10463 142 477 3 64 1516 74 424 3
3072 3049 180 584 883 2562 3 64 1 511 2246 3
566 1364 98 2041 69 236 180 30 2351 3 9 6 9116 5714 4
6 80 4782 3 469 196 3 173 1040 214 41

2 451 1353 40 192 158 5 818 1703 84 835 32 754 235 31
400 8 45 86 786 32 36 4
6328 26 17 47 46 6 19157 235 31
10 154 136 21 14 7 428 266 15 35 66 5 6 35 71 31
616 27 451 1353 206 523 31

1589 6 706 166 333 9 2 14 5 51 974 3 16 8 226 4
81 8 54 5 77 5 2 101 8 933 3
2 932 9 2 348 8 6 52 611 5 2 326 61 9 2 171 1368 2 779 3
11 47 154 36 65 76 3 2805 31

125 7 21 14 53 27 193 293 1139 66 3
2 40 630 74 15 157 88 6999 4
1638 42 434 46 158 5 158 76 3
217 6 188 564 7447 26 200 109 162 347 197 3 2 431 33 8644 31
415 15 2 2100 103 266 1792 2 177 31

150 73 21 14 8 139 24 55 1785 3
30 16 8 25 1255 103 4
790 619 2 147 3 222 2078 38 4218 695 78 513 3 19 1365 18 57 31
2 40 8 131 937 4
11 20 123 25 2 854 3
67 173 36 25 2 1255 103 31

51 65 15 2 1 2127 31
110 9 8 1999 5 42 29 32 16 492 194 2501 31
305 1102 26 31 225 171 12 2 3159 10 29 6 843 619 168 1336 32 1162 29 962 38 2125 7 2927 31
10 8 45 2178 31 42 154 318 516 66 31

10 29 10 311 36 18 2 1540 5008 14 3
10 127 9 560 346 22 22712 8 34 7 2650 59 24 6 1015 5 6 2536 73 6 5108 1611 26 8 380 5 1056 31
3 2 16 8 77 5 32 36 9 475 8 35 3 1019 46 98 3

51 38 513 78 2863 78 4731 23 513 78 3324 78 4731 3 2 40 8 70 3
5 48 201 50 233 3
35 49 151 205 7 138 152 5 1419 644 3 5 1683 234 3
174 35 570 1 770 25 4483 5 802 3
27 37 7 110 56 3

45 11 394 11 47 1228 6 120 334 3
3897 667 550 84 778 27 21 13 2 805 14 83 2 230 3
66 4887 2 48 245 515 5 34 9763 24 88 120 3829 31
112 6 14 25 55 283 5 6 813 10032 1312 2434 25 2 94 283 3

11 51 34 15 160 135 5 265 17 6 231 3 49 31
3 49 31 3 49 31
3 17 117 2 153 49 9 727 12 206 523 184 3
2 302 13 79 878 4
2 388 13 2962 310 5 2 48 33 12514 3
2 40 13 19 579 3

127 6 16 24 6 1308 101 15 73 80 1003 2788 3
440 570 15 2 49 31
163 14 48 9 21 85 33 134 100 80 3 8072 4
1308 101 22 28 45 287 5 34 13 6 715 9 2 101 3
35 15 1191 7 1458 114 229 133 3

51 15 167 24 734 3
276 516 66 10 24734 46 4473 1423 2568 38 1129 9 1274 3
839 2 11908 42 274 1997 2 5814 62 519 84 6 19 155 367 3
3936 24 2 3289 23 456 466 3 1002 516 66 1595 3
10 24734 182 36 65 76 31
